0100
0101
0102
0103
0104
0110
0111
0112
0113
0114
0120
0121
0122
0123
0124
0125
0200
0201
0202
0203
0204
0205
0210
0211
0212
0213
0214
0215
0220
0221
0222
0223
0224
0225
0300
0301
0302
0303
0310
0311
0312
0313
0314
0315
0400
0401
0402
0403
0404
0405
0410
0411
0412
0413
0414
0415
0500
0501
0502
0503
0504
0505
0510
0511
0512
0513
0514
0515
0610
0611
0612
0613
0620
0621
0622
0623
0700
0701
0702
0703
0704
0705
0710
0711
0712
0713
0714
0715
0720
0721
0722
0723
0724
0725
0800
0801
0802
0803
0804
0805
0810
0811
0812
0813
0814
0815
0820
0821
0822
0823
0900
0901
0902
0903
0904
0905
0910
0911
0912
0913
0914
0915
0920
0921
0922
0923
0924
0925
1000
1001
1002
1003
1004
1005
1010
1011
1012
1013
1014
1015
1020
1021
1022
1023
1024
1025
1100
1101
1102
1103
1104
1105
1106
1107
1108
1109
1110
1111
1112
1113
1114
1115
1116
1117
1118
1119
1120
2100
2101
2102
2103
2104
2105
2110
2111
2112
2113
2114
2115
2120
2121
2122
2123
2124
2125
2400
2401
2402
2403
2404
2405
2410
2411
2412
2413
2414
2415